0,
2,
6,
9,
14,
17,
20,
23,
6144,
8227,
6183,
8235,
8205,
8273,
8244,
10328,
14433,
14404,
16488,
14410,
16494,
16465,
16533,
16473,
20609,
20548,
22631,
20586,
22670,
22642,
22678,
22648,
28800,
28836,
28807,
30892,
28815,
30898,
30869,
30937,
37057,
35013,
37097,
37068,
37103,
37074,
39158,
37113,
45282,
45253,
45289,
45259,
43279,
43250,
45335,
43258,
51458,
53541,
51464,
53548,
53520,
53556,
53526,
55610,
257,
228,
2312,
266,
2318,
273,
2357,
2329,
8481,
8452,
10535,
6410,
8494,
8466,
8502,
8472,
14656,
16740,
16679,
16748,
16719,
18802,
16725,
18809,
24961,
22885,
24969,
24940,
24975,
24946,
27030,
24985,
31106,
29061,
31145,
31115,
31151,
31122,
33207,
31130,
37282,
39365,
37288,
39372,
39344,
39412,
39382,
41434,
45570,
45541,
45578,
45549,
47633,
45555,
47639,
47610,
53763,
53734,
55818,
53773,
55856,
51731,
53815,
53787,
480,
2564,
2535,
2572,
2543,
4626,
2581,
4633,
10785,
8709,
10793,
10764,
10831,
10802,
8725,
10809,
18978,
16933,
19017,
18987,
17007,
16946,
19031,
16986,
25154,
25221,
25192,
27276,
25200,
27284,
27254,
27290,
33442,
33413,
33450,
33421,
35505,
33459,
33430,
35482,
39587,
39558,
39626,
39597,
41680,
39603,
41687,
41659,
45763,
47847,
47817,
47885,
47856,
49909,
47864,
49947,
54052,
54022,
56106,
54030,
54001,
56085,
54039,
56123,
4802,
2757,
4841,
4811,
4879,
4850,
6903,
4858,
10978,
11045,
11016,
13100,
11024,
13108,
13078,
13146,
17153,
19237,
17161,
19245,
19216,
19283,
19254,
19322,
27459,
27430,
27498,
27469,
29552,
25459,
27543,
27483,
33635,
35719,
33673,
35757,
35728,
35765,
35736,
37819,
39811,
41894,
41865,
41902,
41873,
43957,
41911,
43995,
48099,
48039,
50123,
48078,
50162,
50132,
50200,
50171,
56260,
56328,
56299,
58382,
56337,
58421,
58361,
58429,
5025,
5093,
5033,
7117,
5072,
7155,
7126,
7194,
13283,
13254,
13322,
13293,
15376,
13331,
15415,
15355,
19459,
21543,
19497,
21581,
21552,
21589,
21560,
23643,
25635,
27718,
27689,
27726,
27697,
29781,
27735,
29819,
35971,
35911,
37995,
35950,
38034,
38004,
36024,
35995,
44132,
44200,
44171,
44238,
44209,
46293,
44217,
46301,
50308,
50376,
50346,
52430,
50354,
52438,
52409,
52476,
58596,
56551,
58604,
58575,
58643,
58614,
60697,
58652,
7331,
9415,
7369,
9453,
9424,
9461,
9432,
9402,
13507,
15590,
13545,
15598,
15569,
15637,
15607,
17691,
21795,
21767,
23851,
21774,
23858,
23828,
23896,
23867,
27972,
30024,
29995,
30062,
30033,
30004,
30041,
30012,
38212,
36200,
36170,
38254,
36178,
38262,
38233,
38300,
46468,
44423,
46508,
46447,
46515,
46486,
48569,
44476,
52645,
54729,
52652,
54736,
52690,
52661,
54745,
52669,
58821,
60873,
58828,
60911,
60882,
60919,
60890,
62974,
9667,
9639,
11723,
7598,
9682,
7636,
9720,
9691,
15844,
15815,
17899,
15821,
17905,
17876,
17913,
17884,
22020,
24072,
24042,
24110,
24082,
26166,
24089,
26172,
32324,
30247,
32332,
32303,
32339,
32310,
34393,
32348,
38469,
36424,
38508,
38479,
38514,
38485,
40569,
38493,
46693,
48777,
44652,
46735,
46706,
46775,
46714,
48798,
54982,
54952,
54988,
54960,
57044,
54967,
57051,
57021,
61125,
61097,
63181,
61136,
63188,
61142,
63226,
63197,
7844,
9928,
9898,
9934,
9906,
11990,
9913,
11996,
20196,
18119,
20204,
20175,
18195,
18166,
18201,
18172,
26341,
24296,
26380,
26351,
26386,
26357,
28441,
26397,
32517,
32585,
32556,
34639,
32562,
34647,
34618,
34654,
40806,
40776,
40812,
40784,
42868,
40823,
42907,
42845,
46981,
46921,
46989,
46960,
49044,
46966,
49050,
49021,
55174,
57258,
57229,
55249,
55219,
57271,
55227,
57311,
63463,
63434,
65517,
63440,
65525,
65496,
65532,
65535,
